203
681
639
320
94
409
471
352
343
130
346
281
496
832
490
495
312
257
646
570
492
701
707
783
183
171
878
851
483
698
644
789
795
374
690
828
826
261
342
425
712
533
387
111
291
217
361
621
255
308
548
811
557
629
852
549
276
845
810
497
461
118
703
858
371
360
209
693
191
167
710
637
579
424
314
763
838
642
820
331
692
785
674
683
519
85
524
546
802
224
92
307
834
847
274
157
474
565
813
534
377
610
149
384
293
592
545
617
507
532
885
198
398
413
857
790
566
368
791
357
771
143
694
408
106
435
427
287
818
403
867
514
321
391
715
129
163
787
445
431
305
109
615
665
612
426
821
600
510
800
326
493
410
397
339
574
373
614
90
438
246
232
370
400
144
868
443
743
822
577
890
219
516
418
778
652
238
861
459
737
756
738
329
185
705
309
214
582
863
581
544
467
256
450
829
806
136
205
231
731
753
556
486
626
513
242
697
773
433
243
590
562
451
412
347
200
182
718
670
96
91
720
571
324
466
686
356
477
297
161
553
114
594
606
251
469
869
680
654
254
797
480
210
659
747
755
95
879
115
393
607
120
105
740
454
135
776
259
819
119
877
401
176
227
394
558
390
89
405
627
295
663
801
208
887
484
754
840
177
777
799
550
220
465
727
837
283
774
152
609
277
282
748
676
725
436
491
468
833
446
178
758
613
750
202
234
441
140
539
766
623
625
672
511
688
742
689
380
349
865
874
817
669
141
417
337
233
237
597
788
93
132
798
271
675
421
872
318
249
881
166
285
364
768
498
883
416
137
630
122
213
278
221
429
475
269
880
265
116
101
744
866
717
188
512
739
726
515
823
216
875
502
121
125
856
860
372
685
839
241
827
414
100
354
537
591
649
206
117
523
886
650
428
631
415
344
240
145
870
635
338
389
842
104
452
476
463
456
647
762
381
323
761
169
871
252
538
239
273
808
505
862
528
653
500
527
723
379
212
442
677
328
709
350
151
601
714
385
850
734
678
362
716
148
196
831
225
809
288
388
657
814
782
170
270
770
585
138
695
462
222
578
835
103
599
272
355
684
131
521
359
760
268
736
395
134
633
310
430
325
769
706
457
749
488
479
803
569
404
841
836
112
264
363
175
317
522
815
531
245
302
258
139
616
207
211
816
508
146
805
554
764
721
780
97
636
193
859
260
882
825
559
280
348
180
765
666
218
658
419
722
432
267
358
292
889
719
793
351
434
634
316
128
854
682
784
102
153
643
181
201
687
453
327
315
286
775
160
482
382
383
733
333
262
184
319
460
598
113
301
168
422
154
603
529
298
728
172
624
509
504
189
563
745
87
575
156
595
244
711
439
632
306
844
547
757
596
667
572
369
853
110
807
640
449
376
772
289
824
223
751
759
88
402
830
375
779
735
586
518
792
290
275
336
622
392
746
365
455
159
204
179
552
540
164
593
230
580
812
215
691
330
489
99
334
543
437
628
888
197
767
303
366
263
535
619
470
794
655
194
173
700
458
664
147
86
487
781
332
724
536
299
517
345
226
190
444
576
203
472
420
367
618
679
248
162
236
464
503
668
396
228
155
300
848
555
501
247
604
98
713
542
158
294
506
568
843
386
499
873
530
473
855
199
786
648
250
849
699
704
520
313
864
708
656
611
229
561
602
126
560
353
311
340
730
253
186
187
804
541
150
279
494
296
662
133
702
235
525
620
551
304
573
335
124
341
876
448
526
407
378
641
589
174
696
564
846
673
322
752
399
485
605
195
423
266
478
406
411
107
284
661
481
729
142
671
741
440
587
127
108
584
588
608
447
583
638
884
796
567
165
645
660
732
123
